Date	1	7	13	19	25	31	37	43
01/01/2003	8.3	8.1	8.1	8.6	9.5	10.1	10.2	10.3
02/01/2003	10.4	10.4	10.7	11.1	11.6	11.5	11.1	10.8
03/01/2003	10.5	10.1	9.8	9.9	10.4	10.4	9.9	9.5
04/01/2003	9.1	8.7	8.2	7.6	7.3	6.8	5.8	5
05/01/2003	4.2	3.3	2.5	2.1	2.6	2.5	1.5	0.9
06/01/2003	0.5	0.3	0.1	0.1	0.6	0.9	0.5	0
07/01/2003	-0.5	-0.9	-1.4	-1.4	-0.8	-0.7	-1.2	-1.5
08/01/2003	-1.9	-2.1	-2.3	-2.3	-1.8	-1.7	-2	-2.2
09/01/2003	-2.5	-2.7	-3	-2.7	-1.9	-1.6	-1.9	-2.3
10/01/2003	-2.6	-2.9	-3	-2.7	-1.7	-1.3	-1.7	-2
11/01/2003	-2.3	-2.4	-2.5	-2.5	-1.7	-1.4	-1.9	-2.1
12/01/2003	-2.6	-3	-3.5	-3.4	-1.9	-1.3	-2.2	-2.6
13/01/2003	-3	-3.2	-3.1	-2.3	-0.5	0.4	0.4	0.6
14/01/2003	0.8	1.1	1.3	1.8	3	3.6	3.1	2.9
15/01/2003	2.6	2.4	2.1	2.5	3.9	4.6	3.8	3.6
16/01/2003	3.5	3.4	3.1	3.4	4.5	4.8	4.1	3.8
17/01/2003	3.5	3.1	2.8	2.9	3.9	4.5	3.9	3.7
18/01/2003	3.5	3.4	3.2	3.2	4.4	4.8	4.3	4.2
19/01/2003	4.1	4.2	4.4	4.8	5.7	6.2	6	6
20/01/2003	6	5.9	5.9	6.2	7.2	7.7	7.6	7.6
21/01/2003	7.6	7.5	7.3	7.5	8.4	8.4	7.9	7.7
22/01/2003	7.6	7.4	7.3	7.5	8.2	8.3	7.7	7.4
23/01/2003	7.1	6.8	6.7	6.8	7.5	7.5	6.9	6.5
24/01/2003	6	5.5	4.9	4.8	6.1	6.5	5.5	4.5
25/01/2003	3.7	3.1	2.6	2.9	4.5	5.1	4.6	4.5
26/01/2003	4.6	4.6	4.6	5	5.8	6.2	6.1	6.3
27/01/2003	6.5	6.6	6.7	7.1	8.4	9.1	8.5	8.4
28/01/2003	8.3	8.2	7.9	7.9	8.5	8.4	7.6	7.1
29/01/2003	6.7	6.3	6	5.9	6.2	6.1	5.7	5.3
30/01/2003	5.1	4.6	4.2	4.2	4.3	4	3.3	3
31/01/2003	2.5	2	1.7	1.5	2	2.3	1.6	1
01/02/2003	0.5	0.1	-0.2	0.2	1.3	1.7	1.6	1.7
02/02/2003	1.8	1.7	1.8	2.4	3.7	4.4	4.4	4.5
03/02/2003	4.5	4.7	4.9	5.2	5.9	6.2	6.1	5.9
04/02/2003	5.7	5.1	4.7	4.6	5.1	4.9	4.4	4
05/02/2003	3.7	3.3	3.1	3.2	3.9	4	3.4	2.8
06/02/2003	2.2	1.7	1.2	1.7	3.1	3.6	3	2.5
07/02/2003	2.1	1.9	1.7	2.1	3.5	4.4	4	3.7
08/02/2003	3.4	3	2.7	3.4	5	5.8	5.2	4.7
09/02/2003	4.4	4.1	3.9	4.6	5.7	5.9	5.5	5.1
10/02/2003	4.7	4.1	3.8	4.1	5.3	5.7	5.2	4.7
11/02/2003	4.2	3.9	3.6	4	5.1	5.5	5	4.6
12/02/2003	4.3	3.9	3.5	3.5	4.1	4.2	3.8	3.3
13/02/2003	2.8	2.2	1.8	1.7	2.1	2.3	1.8	1.3
14/02/2003	0.8	0.4	0	0.2	1	1.3	0.8	0.4
15/02/2003	0	-0.4	-0.8	-0.3	1.1	1.7	0.9	0.4
16/02/2003	-0.1	-0.6	-1	-0.5	0.5	0.8	0.4	0
17/02/2003	-0.6	-1.1	-1.5	-1.1	0	0.6	0	-0.6
18/02/2003	-1.1	-1.7	-2.3	-1.5	0.3	1.3	0.4	-0.3
19/02/2003	-0.6	-0.9	-1.1	-0.1	1.5	2.4	2.2	2.3
20/02/2003	2.3	2.3	2.2	3	4.6	5.5	4.8	4.2
21/02/2003	3.5	2.8	2.5	3.6	5.9	7	6	5.1
22/02/2003	4.4	3.9	3.4	4.7	6.9	7.9	7.2	6.5
23/02/2003	6.3	6	5.7	6.5	8.1	8.9	8.3	7.7
24/02/2003	7.4	6.7	6.3	7.2	9	9.8	9.1	8.5
25/02/2003	8.1	7.5	7.2	8	9.4	10	9.6	9.2
26/02/2003	8.8	8.6	8.4	9	10.2	10.7	10.1	9.7
27/02/2003	9.4	9.1	8.8	9.3	10.3	10.7	10	9.3
28/02/2003	8.7	8.3	8	8.8	10.1	10.5	10	9.7
01/03/2003	9.5	9.4	9.2	9.7	10.5	10.8	10.4	9.9
02/03/2003	9.6	9.3	8.8	9	9.4	9.7	9.1	8.4
03/03/2003	7.8	7	6.5	7.2	8.1	8.6	8.4	8.3
04/03/2003	8	7.8	7.7	8.3	9.7	10.5	10.2	9.9
05/03/2003	9.6	9.2	8.9	10	11.6	12.2	11.4	10.8
06/03/2003	10.2	9.8	9.2	9.4	10.1	10.4	9.7	8.5
07/03/2003	7.6	6.9	6.2	7.3	8.9	9.6	9	8.3
08/03/2003	7.7	7.3	6.9	8	9.3	9.9	9.3	8.6
09/03/2003	8.1	7.5	6.8	8.3	10.4	11.6	11	9.8
10/03/2003	9.1	8.5	7.9	9.5	11.5	12.6	12	11.1
11/03/2003	10.8	10.4	10.2	11.4	13.1	13.8	13.2	12.4
12/03/2003	11.7	11.1	10.6	11.1	12.1	12.4	11.5	10.5
13/03/2003	9.9	9.2	8.6	9.3	10.4	11.2	10.4	9.3
14/03/2003	8.4	7.5	6.8	7.9	9.3	10.1	9.5	8.6
15/03/2003	7.7	6.9	6.1	7.1	8.4	9.3	8.7	7.6
16/03/2003	6.7	5.8	5	6.4	8.3	9.6	9	7.8
17/03/2003	6.9	5.9	5	7.1	9.3	10.6	10	8.7
18/03/2003	7.6	6.6	5.9	7.3	9.1	10.2	9.6	8.5
19/03/2003	7.5	6.5	5.7	7.9	10.1	11.3	10.6	9.2
20/03/2003	8.2	7.3	6.4	8.2	10.2	11.2	10.6	9.4
21/03/2003	8.3	7.5	7	8.3	9.6	10.2	9.7	8.8
22/03/2003	8	7.2	6.5	8.4	10.4	11.7	11.1	9.9
23/03/2003	9.3	8.5	7.8	9.9	12.2	13.3	12.7	11.4
24/03/2003	10.5	9.7	8.9	11.2	13.6	14.6	13.8	12.4
25/03/2003	11.3	10.5	9.7	11.9	14.1	15	14.3	12.9
26/03/2003	11.9	11	10.3	12.3	14.3	15.1	14.4	13.3
27/03/2003	12.6	11.9	11.2	12.7	14.3	15	14.4	13.6
28/03/2003	12.9	12.5	12	12.8	14	14.5	14	13.5
29/03/2003	13	12.6	12.3	13	14.1	14.6	14.2	13.2
30/03/2003	12.6	12	11.5	12.8	14.4	14.9	14.1	13.1
31/03/2003	12.1	11.3	10.6	11.9	13.3	14.1	13.4	12.1
01/04/2003	11	10	9.3	11.6	13.2	13.5	12.8	12.2
02/04/2003	11.6	10.8	10.4	10.3	10.5	10.3	9.5	8.8
03/04/2003	8.1	7.5	7	7.9	8.6	8.8	8.4	7.6
04/04/2003	6.8	6.1	5.7	7.2	8.7	9.6	9.5	8.4
05/04/2003	7.8	7.4	7	8.4	9.8	11	10.8	9.8
06/04/2003	9.2	8.7	8.2	9.2	9.9	10.5	9.8	8.7
07/04/2003	7.7	6.7	5.9	7.1	8.1	8.6	8	6.8
08/04/2003	5.6	4.7	4	5.9	7.2	7.9	7.5	6.6
09/04/2003	5.9	5.2	4.9	6.2	7	7.3	6.8	6.2
10/04/2003	5.6	5	4.5	5.4	6.2	6.6	6.2	5.3
11/04/2003	4.7	4	3.9	5.5	6.9	7.7	7.5	6.9
12/04/2003	6.7	6.6	6.5	8	9.6	10.5	10.4	9.5
13/04/2003	8.8	8.3	8.2	10.6	12.5	13.5	13.3	13
14/04/2003	12.8	12.4	12.3	13.7	15.1	15.7	15.4	14.6
15/04/2003	14	13.4	13	14.8	16.4	17.4	17	15.7
16/04/2003	14.8	13.8	13.2	15.8	17.4	18.3	17.9	16.3
17/04/2003	15.2	14.2	13.5	16.1	18	18.8	18.3	16.7
18/04/2003	15.5	14.5	13.8	16.2	17.8	18.5	17.8	16.2
19/04/2003	14.8	13.5	12.6	13.7	14.7	14.9	14	13.1
20/04/2003	12.2	11.5	11	11.7	12.5	13.1	13.1	12.4
21/04/2003	11.8	11.2	11.1	12.6	13.8	14.4	14	12.7
22/04/2003	11.7	11	10.7	13.1	14.7	15.5	15.2	13.9
23/04/2003	12.9	12	11.8	14.3	15.8	16.7	16.3	14.9
24/04/2003	13.8	12.9	12.6	14.8	16.5	17.3	16.8	15.7
25/04/2003	14.8	14.4	14.3	16	17.6	18	17.4	16.3
26/04/2003	15.6	15.2	15	15.1	15.3	15.4	14.9	14
27/04/2003	13.3	12.7	12.5	14	14.8	15.4	15.2	14.2
28/04/2003	13.8	13.7	13.7	15.6	17.1	17.6	17.1	16
29/04/2003	15.3	14.8	14.4	15.5	16.6	17.2	17	16.1
30/04/2003	15.6	15.3	15	15.2	15.4	15.1	14.9	13.8
01/05/2003	13.1	12.4	12.3	13.8	14.8	15.4	15	13.9
02/05/2003	13.4	13.2	13.3	14.2	15.1	15.3	14.6	13.8
03/05/2003	13.1	12.2	11.9	13.5	14.9	15.7	15.7	14.1
04/05/2003	13	12.4	12.6	15.5	17.8	19	18.7	17.6
05/05/2003	16.9	16.2	15.8	16.6	17	17	16.5	15.7
06/05/2003	15.1	14.5	14	14.8	15.6	16	15.8	14.9
07/05/2003	14.3	13.6	13.5	15	16.1	16.8	16.7	15.6
08/05/2003	14.8	14.1	14	15.5	16.7	17.2	16.7	15.7
09/05/2003	15	14.4	14.2	15	15.6	15.9	15.5	14.3
10/05/2003	13.4	12.6	12.5	13.8	14.8	15.5	15.3	14.1
11/05/2003	13.2	12.5	12.7	14.6	15.8	16.4	15.9	14.8
12/05/2003	14.1	13.5	13.4	14.5	15.5	15.8	15.3	14.5
13/05/2003	13.7	12.9	12.8	13.5	13.9	14.3	13.9	12.7
14/05/2003	11.6	10.8	10.7	12.1	12.9	13.4	13	11.7
15/05/2003	10.5	9.6	9.7	11.8	13	13.9	13.8	12.4
16/05/2003	11.5	10.9	11.1	13.2	14.5	15.1	14.8	14.1
17/05/2003	13.6	13.2	13.2	14.1	14.8	15.4	15.1	14.4
18/05/2003	14.1	13.9	14.1	15.1	16.1	16.6	16.3	15.7
19/05/2003	15.3	14.9	15.1	15.9	16.1	15.8	15.6	14.6
20/05/2003	13.9	13.3	13.2	14	14.6	14.9	14.6	13.7
21/05/2003	13.1	12.7	12.7	13.6	14.2	14.5	14.4	13.8
22/05/2003	13.5	13.2	13.4	14.5	15.8	16.6	16.5	15.5
23/05/2003	14.8	14.1	14.2	15.9	17.4	18.3	17.9	16.7
24/05/2003	16	15.4	15.3	15.9	16.5	16.2	15.6	14.7
25/05/2003	14	13.4	13.2	14	14.6	14.8	14.5	13.5
26/05/2003	12.8	12.1	12.3	13.5	14.5	15	14.8	14
27/05/2003	13.3	12.8	13	14.7	16	16.7	16.8	15.9
28/05/2003	15.2	14.4	14.7	16.9	18.6	19.6	19.7	18.5
29/05/2003	17.6	16.9	17.3	19.7	21.2	21.9	21.7	20.5
30/05/2003	19.4	18.5	18.9	21.3	22.6	23.5	23.3	21.7
31/05/2003	20.6	19.6	19.8	21.5	22.8	23.3	22.9	21.5
01/06/2003	20.5	19.7	19.8	21.2	22.5	22.9	21.8	20.8
02/06/2003	20.1	19.4	19.3	19.8	20.5	20.8	20.4	19.3
03/06/2003	18.7	18.1	18.1	19.2	20.6	21.1	20.8	19.9
04/06/2003	19.1	18.5	18.7	20.1	21.3	21.8	21.5	20.1
05/06/2003	19.3	18.4	18.1	19.1	20.3	20.8	20.3	19.2
06/06/2003	18.4	17.8	17.9	19.7	20.7	21.5	21.3	20
07/06/2003	19.1	18.3	18.7	20.7	22	22.9	22.9	21.4
08/06/2003	20.5	19.9	19.9	21.1	21.7	22	21.2	20
09/06/2003	19.1	18	18.2	19.8	21.2	22.2	22.2	21
10/06/2003	20.2	19.7	20	21.2	22.5	22.9	22.6	21.5
11/06/2003	20.6	19.8	19.9	21.4	22.7	23.6	23.6	22.2
12/06/2003	21.2	20.4	20.8	22.3	23.6	24.2	23.5	22
13/06/2003	20.9	20	20	21.7	23.3	24.2	23.7	22.6
14/06/2003	21.9	21.2	21.5	22.7	24	24.3	23.8	22.7
15/06/2003	21.8	21	21	22.4	23.4	24.1	23.8	22.5
16/06/2003	21.6	20.7	20.8	22.5	23.8	24.4	23.8	22.6
17/06/2003	21.7	20.8	21	22.1	22.5	22.5	21.9	20.7
18/06/2003	19.8	19	18.9	19.8	20.7	21.4	21.3	20.1
19/06/2003	19.4	18.8	19	20	21.2	22.3	22.3	21.2
20/06/2003	20.4	19.8	19.9	21.3	22.8	23.8	23.8	22
21/06/2003	20.7	19.5	19.9	22.2	23.9	25.1	25.1	23.3
22/06/2003	22	21	21.4	23.5	25.2	26.4	26.1	24.2
23/06/2003	23.4	22.7	22.6	23.4	24.1	24.6	24.2	22.5
24/06/2003	21.3	20.3	20.4	22.1	23.5	24.3	24	22.7
25/06/2003	21.8	21	20.9	22.4	23.7	24.3	23.8	22.8
26/06/2003	22	21.2	21.2	22.1	23	23.3	22.8	21.7
27/06/2003	20.9	20.2	20.1	21	21.8	22.2	21.9	20.9
28/06/2003	19.9	18.9	18.8	20.3	21.6	22.4	22.4	21.1
29/06/2003	20.1	19.4	19.8	22.3	24.1	24.9	24.4	23.1
30/06/2003	22.2	21.6	21.2	21.8	22.6	23.1	22.3	21.1
01/07/2003	20.3	19.6	19.4	20	20.4	20.3	20	19.1
02/07/2003	18.4	17.8	17.7	18.6	19.5	19.5	19.2	18.3
03/07/2003	17.7	17.2	17.2	18.2	19	19.2	18.9	17.9
04/07/2003	17.3	16.8	16.8	17.8	18.5	18.9	18.6	17.8
05/07/2003	16.8	16.2	16.4	17.8	18.9	19.6	19.5	18.4
06/07/2003	17.4	16.6	16.9	18.7	19.9	20.7	20.7	19.4
07/07/2003	18.6	17.7	18	19.9	21.4	22.1	21.9	20.5
08/07/2003	19.5	18.5	18.8	20.6	22.1	23	22.8	21.5
09/07/2003	20.5	19.6	19.7	21.8	23.2	23.9	23.9	22.6
10/07/2003	21.6	20.6	20.9	23	24.5	25.4	25.4	23.8
11/07/2003	22.7	21.8	21.9	23.7	25	25.7	25.2	23.5
12/07/2003	22.1	21	21.2	23.1	24.7	25.6	25.6	23.9
13/07/2003	22.6	21.5	21.7	23.8	25.6	26.6	26.5	24.8
14/07/2003	23.6	22.5	22.6	24.4	26.2	27.1	26.8	25.1
15/07/2003	23.9	23	23.1	25	26.7	27.5	27.1	25.4
16/07/2003	24.5	23.5	23.3	24	24.1	23.9	23.3	22.3
17/07/2003	21.3	20.6	20.2	21.1	22.1	22.4	22.4	21.1
18/07/2003	20	19.1	19.2	21.4	23	24.2	24.3	22.6
19/07/2003	21.5	20.5	20.8	23.2	24.9	25.8	25.5	24
20/07/2003	22.9	22	21.9	23.3	24.4	24.9	24.6	23.3
21/07/2003	22.4	21.7	21.3	22.7	23.7	24.1	23.6	22.5
22/07/2003	21.4	20.5	20.4	22	23.3	23.9	23.6	22.3
23/07/2003	21.4	20.6	20.5	22.1	23.3	23.8	23.5	22.3
24/07/2003	21.6	20.8	20.6	21.1	22	22.4	22.3	21.1
25/07/2003	20.1	19.3	19.3	20.8	21.8	22.1	21.8	21
26/07/2003	20.6	20.1	20.1	21.3	22.2	22.7	22.5	21.8
27/07/2003	21.2	20.6	20.4	21	21.4	21.7	21.2	20.1
28/07/2003	19.2	18.4	18.3	19.8	20.9	21.5	21.3	20.1
29/07/2003	19.2	18.4	18.5	20.2	21.4	22.1	22	21
30/07/2003	20.3	19.7	19.6	20.7	21.7	22.2	21.7	20.6
31/07/2003	19.9	19.3	19	19.9	20.9	21.5	21.4	20
01/08/2003	19.1	18.2	18.3	20.6	22.3	23.6	23.7	22.1
02/08/2003	21	20.2	20.2	22.3	24.3	25.5	25.4	23.8
03/08/2003	22.7	21.8	21.8	24.4	26.6	27.7	27.7	25.9
04/08/2003	25	24	24	26.7	28.9	30	29.9	28.1
05/08/2003	27	25.8	25.5	27.8	29.9	30.9	30.2	28.2
06/08/2003	27.1	26	25.5	27.6	29.5	30.3	29.7	27.8
07/08/2003	26.7	25.5	25	26.9	28.9	29.9	29.3	27.5
08/08/2003	26.2	25.1	24.6	26.8	28.8	30	29.6	27.8
09/08/2003	26.4	25.4	24.9	27.4	29.4	30.6	30.3	28.2
10/08/2003	26.9	25.8	25.4	27.9	29.9	31	30.1	28.3
11/08/2003	27.2	26.1	25.6	27.6	29.6	30.7	30.1	28.2
12/08/2003	26.9	25.9	25.4	27.6	29.6	30.6	29.9	27.9
13/08/2003	26.7	25.5	25	26.9	28.7	29.4	28.7	27.1
14/08/2003	26	25.1	24.6	25.6	26.4	26.6	25.8	24.5
15/08/2003	23.6	22.5	22.1	23	24.1	24.6	24.3	23.2
16/08/2003	22.2	21.5	21.1	22.4	23.9	24.4	23.8	22.7
17/08/2003	22.1	21.7	21.3	22.4	23.4	23.9	23.3	22.3
18/08/2003	21.7	21.1	20.7	21.5	22.6	23.4	23.1	21.9
19/08/2003	21.1	20.3	20	21.6	22.9	23.8	23.4	22
20/08/2003	20.9	19.9	19.6	21	22.3	22.7	22.3	20.9
21/08/2003	19.9	19	18.5	20.3	21.7	22.6	22.3	20.9
22/08/2003	19.9	19	18.7	20.9	22.4	23.4	23.2	21.8
23/08/2003	21	20.3	20	21.7	23.3	24.3	23.9	22.7
24/08/2003	21.9	21	20.6	22.5	24.1	24.8	24.3	22.8
25/08/2003	21.9	20.9	20.4	22	23.6	24.3	23.7	22.4
26/08/2003	21.4	20.4	19.9	21.7	23.2	23.9	23.4	22.1
27/08/2003	21.1	20.3	19.8	22	23.9	24.9	24.3	22.8
28/08/2003	22	21.1	20.6	22.1	23.3	23.8	23	21.9
29/08/2003	21	20.4	20	20.6	21.4	21.3	20.4	19.7
30/08/2003	19	18.4	18	19	19.5	19.6	19.1	17.9
31/08/2003	17.1	16.3	15.7	17.3	18.3	18.7	18.1	16.9
01/09/2003	16.2	15.4	15	16.7	17.8	18.2	17.6	16.6
02/09/2003	15.7	14.9	14.4	16.2	17.5	18.1	17.7	16.6
03/09/2003	15.5	14.5	13.9	16.2	17.8	18.6	18.3	17
04/09/2003	16	15.2	14.7	17.3	19.1	20.1	19.7	18.4
05/09/2003	17.6	17	16.6	17.8	19	19.3	18.8	18.1
06/09/2003	17.5	17	16.7	18.1	19	19.5	18.9	17.8
07/09/2003	17.1	16.4	15.9	17.1	18.1	18.2	17.6	16.8
08/09/2003	16.2	15.6	15.4	16.7	17.6	17.4	17	16.4
09/09/2003	16.1	15.8	15.6	16.4	17.3	17.6	17.1	16.4
10/09/2003	16.1	15.7	15.5	16.5	17.3	17.7	17.5	16.9
11/09/2003	16.6	16.2	16	16.9	17.8	18.2	17.7	17.3
12/09/2003	17	16.8	16.6	17.6	18.8	19.4	18.7	17.7
13/09/2003	17	16.4	15.8	17.5	19.1	19.9	19.2	18.1
14/09/2003	17.1	16.2	15.3	17.3	19	19.9	19.2	17.7
15/09/2003	16.7	15.7	14.9	17.6	19.5	20.4	19.7	18.1
16/09/2003	17	15.9	15.2	18	20.1	21.2	20.3	18.7
17/09/2003	17.6	16.5	15.7	18.7	20.9	21.9	20.8	19
18/09/2003	17.9	16.9	16.3	18.8	21.3	22.4	21.3	19.5
19/09/2003	18.5	17.6	16.9	19.2	21.7	22.8	21.7	20
20/09/2003	18.9	17.9	17.2	19.7	22.1	23	21.9	20.4
21/09/2003	19.5	18.6	17.9	20.1	22.2	23.1	21.9	20.6
22/09/2003	19.8	19.2	18.7	19.9	20.8	20.6	19.8	18.8
23/09/2003	17.8	16.8	16	16.7	17.3	17.2	16.4	15
24/09/2003	14	12.9	12.1	13.9	15.3	15.9	15.1	13.8
25/09/2003	12.7	11.9	11.1	13.4	15.7	16.8	15.9	14.7
26/09/2003	13.8	13	12.5	14.8	16.6	17.3	16.6	15.7
27/09/2003	15	14.4	14.1	15.3	16.8	17.5	16.8	16.2
28/09/2003	15.6	15.3	14.9	15.4	16.2	16.4	15.8	14.9
29/09/2003	14.2	13.5	12.9	14.5	15.9	16.4	15.4	14.3
30/09/2003	13.5	12.8	12.3	14.2	16.2	16.8	16.1	15.9
01/10/2003	15.7	15.4	15.3	16	17.1	17.9	17.5	16.8
02/10/2003	16.5	16.3	15.9	17.3	19	19.5	18.6	18.1
03/10/2003	17.7	17.1	16.9	17.5	18.5	18.6	17.8	17.2
04/10/2003	16.7	16.2	15.7	16	16.2	16	15.2	14.3
05/10/2003	13.6	12.7	12.1	12.2	12.6	12.7	11.6	10.6
06/10/2003	10	9.7	9.5	10.8	11.8	12.4	11.9	11.5
07/10/2003	11.3	11.2	11.2	11.9	12.6	12.7	12.4	12.1
08/10/2003	11.8	11.4	11	12.1	13	13.4	13.5	13.4
09/10/2003	13.3	13.2	13.2	14.1	15	15.3	14.9	14.4
10/10/2003	13.8	13.5	13.2	14.1	15.2	15.6	14.9	14.2
11/10/2003	13.5	13	12.6	13.8	15.4	15.9	15	14.3
12/10/2003	13.6	13.1	12.6	13.7	15.3	15.9	15.1	14.5
13/10/2003	14	13.6	13.4	14.1	15.4	15.7	15.1	14.6
14/10/2003	14.2	13.8	13.5	14.2	15.4	15.9	15.1	14.3
15/10/2003	13.5	12.8	12	12.8	14.1	14.7	13.8	12.9
16/10/2003	12.1	11.2	10.3	11.4	13	13.7	12.5	11.6
17/10/2003	10.8	10.1	9.2	10	11.5	12.1	11.2	10.6
18/10/2003	9.9	9.3	8.8	9.8	11.2	11.7	10.9	10
19/10/2003	9.3	8.7	8.2	9.2	10.4	10.7	10.3	10.1
20/10/2003	9.8	9.6	9.4	9.8	10.7	10.9	10.5	10.1
21/10/2003	9.6	8.8	8.3	8.9	9.7	9.8	8.9	7.9
22/10/2003	7.1	6.6	6.1	7	8.5	8.9	8.1	7.7
23/10/2003	7.3	6.9	6.7	6.9	7.5	7.6	7	6.5
24/10/2003	5.8	5	4.3	5	6.1	6.5	5.6	4.9
25/10/2003	4.5	3.8	3.2	4.5	6.2	6.9	5.8	5.1
26/10/2003	4.8	4.5	4.2	5	6.1	6.4	5.8	5.4
27/10/2003	5.1	4.5	4.2	5	6.3	6.8	5.7	5
28/10/2003	4.4	4	3.6	4.4	6	7	6.3	5.9
29/10/2003	5.8	5.7	5.6	6.1	7	7.3	7.3	7.3
30/10/2003	7.3	7.1	7.1	7.7	8.6	8.9	8.7	8.8
31/10/2003	9	9.1	9.1	9.6	10.4	10.6	9.9	9.5
01/11/2003	9.1	8.7	8.5	9.1	10.2	10.6	9.7	9.2
02/11/2003	8.9	8.6	8.6	9.4	10.6	11.1	10.6	10.4
03/11/2003	10.3	10.3	10.2	10.9	12	12.5	11.7	10.9
04/11/2003	10.4	9.8	9.3	10.1	11.5	12.1	11.1	10.5
05/11/2003	9.9	9.2	8.7	9.5	11.4	12.2	11	10.3
06/11/2003	9.7	9.2	8.5	9.4	11.4	12.3	10.8	9.7
07/11/2003	8.9	8.2	7.7	8.5	9.8	10	9	8.3
08/11/2003	7.7	7	6.4	6.8	8	8.4	7.7	7.3
09/11/2003	7.1	7.1	7.2	7.9	9	9.7	9.5	9.3
10/11/2003	9	8.7	8.5	9.2	10.6	11.2	10.4	9.8
11/11/2003	9.4	9	8.6	9	10.4	10.9	10	9.5
12/11/2003	9.3	9.1	9	9.3	10.1	10.5	10	9.7
13/11/2003	9.2	8.7	8.2	8.6	9.8	9.8	9.1	8.7
14/11/2003	8.3	7.9	7.8	8.3	9.5	9.9	9.3	8.9
15/11/2003	8.4	8.1	7.8	8.3	9.3	9.7	9.3	9.2
16/11/2003	9.2	9.2	9.1	9.3	9.7	9.7	9.2	8.6
17/11/2003	8	7.4	6.9	7.4	8.7	8.8	8.2	8
18/11/2003	7.8	7.7	7.7	8.3	9.6	10.1	9.6	9.4
19/11/2003	9.2	9.1	8.9	9.4	10.4	10.7	10.1	9.7
20/11/2003	9.5	9.1	8.7	9	10.2	10.5	9.7	9.3
21/11/2003	9	8.8	8.7	9.3	10.6	11	10.8	10.7
22/11/2003	10.8	10.9	11.1	11.7	12.8	13.1	12.8	12.8
23/11/2003	12.8	12.7	12.7	13	13.9	14	13.6	13.3
24/11/2003	13.2	12.8	12.5	12.3	12.6	12.5	12	11.5
25/11/2003	11.1	10.7	10.4	10.4	11.1	11.1	10.4	10
26/11/2003	9.7	9.5	9.3	9.4	10.1	10	9.3	8.8
27/11/2003	8.5	8.1	7.8	7.5	7.9	7.7	7.2	6.8
28/11/2003	6.5	6	5.7	5.9	6.7	6.9	6.3	6.1
29/11/2003	5.8	5.4	5.1	5.6	6.8	7.1	6.9	7
30/11/2003	7.2	7.5	7.8	8.1	8.8	9	8.8	8.9
01/12/2003	9.1	9.1	9.1	9.3	9.6	9.6	9	8.6
02/12/2003	8.3	8.1	7.9	7.9	8.3	8.5	8.3	8.1
03/12/2003	7.8	7.4	7.3	7.5	8.2	8.5	8.5	8.5
04/12/2003	8.3	8.2	8.1	8.1	8.6	8.6	8.1	7.7
05/12/2003	7.3	7.1	6.9	6.9	7.7	7.7	7.1	6.8
06/12/2003	6.5	6.1	5.9	6	6.7	6.8	6.3	5.8
07/12/2003	5.2	4.6	3.9	3.8	4.9	5	4.2	3.8
08/12/2003	3.3	2.8	2.4	3	4.6	5.1	4.2	3.8
09/12/2003	3.3	2.9	2.4	2.9	4.5	5	3.8	3.1
10/12/2003	2.5	1.9	1.6	1.8	3.5	4.1	3.2	2.7
11/12/2003	2.5	2.4	2.5	3.1	4.6	5.4	5.7	6.1
12/12/2003	6.4	6.6	6.7	7.2	8.3	8.8	8.7	8.8
13/12/2003	9	9	9.1	9.4	10.3	10.6	10.2	10.2
14/12/2003	10.2	10	9.9	9.8	10.3	10.1	9.3	8.9
15/12/2003	8.5	8.1	7.5	7.3	7.9	7.7	6.7	5.8
16/12/2003	5.1	4.4	3.8	3.9	5.2	5.3	4.4	3.9
17/12/2003	3.3	2.9	2.7	2.9	4.4	5	4.1	3.8
18/12/2003	3.4	3.3	3	3.5	5.1	5.6	5	5
19/12/2003	5	5	5.1	5.5	6.4	6.7	6.6	6.5
20/12/2003	6.5	6.4	6.5	7.2	8.1	8.6	8.6	8.5
21/12/2003	8.3	8.2	7.9	7.8	8.3	8.2	7.4	6.9
22/12/2003	6.6	6	5.4	5.2	5.3	5.2	4.5	3.9
23/12/2003	3.4	3.1	2.9	3.1	3.8	4.1	4	4.2
24/12/2003	4.4	4.4	4.3	4.6	5.4	5.8	5.4	5.3
25/12/2003	5.2	5	4.9	5.1	6.2	6.4	5.9	5.5
26/12/2003	5.3	5	4.7	4.8	6.1	6.7	6.6	6.7
27/12/2003	6.8	6.7	6.4	6.8	7.6	7.7	7.6	7.6
28/12/2003	7.8	7.9	7.8	7.4	7.4	7.1	6.4	5.9
29/12/2003	5.3	4.7	4.6	4.5	4.9	5.1	4.6	4.5
30/12/2003	4.1	3.8	3.4	3.4	4.2	4.4	3.8	3.5
31/12/2003	3.4	3.1	2.9	2.7	3.4	3.7	3	2.5
